1115 199859111170111111 ET 1198911911 1111·

- 1 9911119 martyr, 11, 819, 155, 959, 971, 995. 11, 119.
9111911999 9199911919 9191191919,11,158.
99999999991
131: 111 1919919913 919 995 991ζ 911 1991 991 515
ᾕῇᾒὲἅῇωωηηωπ
11511 1111181111 “’ ³²⁴·
,Η.
111· 111· 111·189119111118111111151·111’
9999999999999
θἪᾘῇἨἨᾏΉῇωωωῃ
1199 9991999199·
ffiffifflfflfflffffl
1991919919 119919 119919, 1, 969.
119899991
fflffiffiffwssm
mmmmmmmfflstm
11111119191911191 ⁷²·
Η.

Jfflrffihffl 11, 891.

fflfflmmwmmmmmfflm

&mmmmmmmmmffim
Qmmmmmmmmmmm
wfflwammwmssmm
mmemmffiffl

lwwmmfflmmffimmm
{³3³2 1191991, 199, 991, 999, 911, 999999, 1999, 1999,

Isoem: 1, 111. 71, utrobique 9191191999.

199999 1199919999, 1, 919991, 999, 999, 991, 919,
ΜΜΜΜΜΜΜΜΜΜΜΜ
mmmemffiaffimffimfflmz
Qfflffiffiffl
Isidorus 1911111919, 7 111, 519, 711.

wwmfflmffl·
&fflwmmmmmmewm

1119999199 1191119919999, 11, 511.

1911999199, 91. Putabam, 1, 199. 71, 597, 511, 511
ΜῌᾞΜΜἏΜΨ

1111115119011151191189111191511119151855991591
995. 11, 11, 191, 598, 617, 686, 799, 761, 771. 771·

sulm (9911911999, Ι, 165 195, 519, 9911 11, 191, 156
QmfflQOQQmfflmm
*111119191111911119,

mapa P 99, 11, 199.

J 919111 Pollux. 1, 115, 996. 17, 11, 17, 58, 59, 175-

19911991 116 915, 955.

ἧῆἛἏΫἨΠω

lunius Hadrianus). 1, 156, 787.

,11111999 1111919919, 11. 516.

199 6919991199, 11, 199, 767,

,1999199 1119199999),1, 116, 511, 797. 17, 556,

5991191999 7 919., 1, 1781189991. 11, 569, 115.

,71181999111910111119 1, 118,155, 157, 177. 1161111 151,
111, 515,111,167, 891, 9919961159, 1907- 11. 105, ⁹215
mmmmffimfflfflffifflmm
g} gg} 755, 789,181,695, 896, 897, 811, 819, 819, 611,

1119119119111911 r 1111, 119, 1551151, 115159, 185 555
fflffifflfflmmmffifflffifflffl
781, 785, 789, 891, 891, 891. 919 958, 915, 955, 955, 969,
991, 911, 1999.1999,191911,919.

meus Galiloem 1.

5119199 Lipsius, 'Vide 1199199.

Juvenum, 1 156, 159. 177, 895, 1161191151701

mmmfflffimmmfflfflffim
mmffimmmmwwmss
immwffic'lxffgfmn 919, 99111, 119, 199, 919991.

‚ 711, 769, 761. 776, 8811911. 911, 911917.

K

ν [almariam mmm 911119, 11, 516, 519, 511515,

mmmmmm

{ww (munus), 1, 157.
&girami (999999), 1191, 191, 199, 919 999. 11,

L

mm mmm ,1999191919119919199
wmfflfflfflfflfflfflwffl
99999999919

1 9 9 1 9 ⁸ ’m 1·

919

11,
97,

meQmmmam '
ι119111911ιῖ53(1815115958515111915919 919 9919.
919,1919.11,11991919.’ ’ ’ ’
11115155ιέ 511118191811114159 ⁹¹² [ι’ Μ’ ³³37
fflmfflwmmm
mmmmlwmmssmmfflffl
fflmfflmm

‚fflfflmfflffimm

9999991
ωω9π’““
11191199 Precum rheodoeioa Arcadio 91191111, 11, 1111.

,999999
. 1999919999,1,999.11,99,99

mmmm 1 111916.

memmmmmmmmffl
mssmmmwmmfflmfflm
wimbis), ιι, 99, we, 11999 9991,

mmmmmmmmmwwm

‚mmm,mmmmffimmm

mmmmmmmmmm5
Qfflfflfflmmmth
919,991,991,919,911,919, 991998. 11. 115.
911919, 919191,999,991,199,199,1 ,119,
119,11911911),199,911,111,119,19 ,595 199559.
Qfflfflmfflfflfflfflfflfflhffi
mmfflmmmmm

. Μωωω99

Μώηψηω

1999991919 11199 ’ ’999 du 19919 1191,71,171,191

1 19111199,11 589.

mmmmmmm

5 Lucanus, 1, 111, 159, 161, 166,119,159,9.51,155,119,
9 1111, 518, 519, 519, 519, 778, 779, 996, 997, 919. 11, 591.

maa 99919991, 999,191,191,199,191,199,199,
mmmmmwmmffimmm
mmffifflfflmmfflmmmm
mmmmmmmwmmmm
mmmammmmmmmffl
999, 999, 999, 999 919, 919, 919919. 911, 91999999,
fflmmmwffimmmm

Mmssfflmfflmmffifflm
ffimffiffifflmssffiffifflfflm
mmmmmmmffiQOQ
mmmmmmmmmmm

mwmfflfflfflfflffiffl.

‚ mmmmmmffimffimmm

mmmmmmmmmmmm
mmmmmmwfflwfflfflm
mmmmmmmmmmmw

‚ 999, 999, 999, 9991.1991,1999,199911,19.19. 19, 99

18, 58, 59. 79, 75, 8⁵5. 95, 96, 191, 195, 891, 715.
luitprandus. 77. 591,
Lympham. Lm, 171, 195.
Lydia! 1711991991, 11, 175,
Lyra (1199919919 de . 1, 1199991153,
19999119, 1, 511, 1, 958, 959.

M

991999 (sm), 11, 919, 119, 919, 991, 911.

 

