1111

θὸἕαὲἕθτωιέθοωη 78011115, 115511, 551,111,151,555,551,
1155511551·
000000000000
5511551551 115,’ 115ἶ ms} 1510553 5153151. 1155. effi}
mmmmmmmmmmffiffi
mfflmmmmmmwwm
167555,11115.11555555,1555511551555115515,511,
9 ff ,1111595575195571519561 . ὦ, 511, 555, 555, 551, 555, 555,
2¹3 02¹⁸’1¹’9}}?’ 551, 555. 11, 115, 115, 5115.
1151115001111155111115, 1, 100, 110. 011, 1008.
11511511115111151111511. 1. 100101. 808, 810.
5ωω5ωωῃωωωωω
mmmffifflfflfflffim
maternum 5515155. 1155115551,1,111.

11551555 (Andreas). 11, 001.
101151110111;11;11;1511”1”*“·
1111151111 ’151, 11, 551, 515.

11115 1555110511115115115.

Marcellus 1550511555, 1, 001.
555555555555
55151111, 1551551155, 1151111115, 111, 115, ’555 ’
Mammas 1151511115. 11, 018.

1151155115551155, 11, 080. ‚ ‚
5Ίὲ5551515115511511555, 51. 0551515515,11, 101, 106,
11511555155111111 ammam«, 11, 110. 001.

11111111 5151151111111151111515.

5511515, 1, 1155115110, 5511551555. 1155155505
mffimfflmm
5511555551111511, 155, 511, 555, 551, 555555,
555551,555555515555551511.

1155111555 1551555155. 1, 000. 11, 000.

5511515 1551551 11155.

1105551105, 1111111 1155111155.

1155555115 3110111115, 1, 000, 088. 11, 000.
11111511111111111111 551 5515511111 111151

fl, 2 , ι s 0 ⁸9 1

155151,151.151151,155,515.5111,515.515,515016.
555551,511,515,1155,1151.511,511,515555695101.
1
Qffimmffifflfflfflfflffiffim
81115555515, 11, 000 010, 601, et passim 111115.
115511115511115, 11, 110.

1111511ιοί55115 (1555155115), 1. 008.

mm? ,1111111110119117·
1111111111,11“5117’18’16”1611815111
ὥεὲἓῆἳωιρέῗῗέἡὲἓ, 118, 000, 010, 000, 000, 001,
11515111511111115ι 1, 001. ’

1151115151;111115,1 100.

15519555 (59511111, 1, 155.

1111111111 111

1115551155, Ι. 000, 500.
Aenffiaefaffl ermonem, 1, 911 11, 000, 000, 008, 000,
1111551115 (1511111155), 11, 010

111111111111551, 1, 511. 11. 515, 151.
mwwmmffimstm
1155151115, 1. 110, 009, 001, 001, 016, 000, 010, 1108, 000,
5151551. 11, 111, 551, 511, 551151.
1111111111111 111, 151, 155,155,151,115,111.
000000000100
mmmmmmmmmmmw
1115113111 71513111111,15511151,11111155,
Modestinus, 1, 088, 11011000.

1111111 115151151111511.
11111111111111111, 5511, 511, 551,
1151551511515111155), 11, 000, 500, 0111, 011.

(111115 0111110118 [5111111111 emma.

1110

fflfflfflfflfflffimmmmm
ffifflwssmmm‚ssmam
WQQQQQ2'“QQQ
mmmfflmwwm‚.‚fflm
wwffiffiwmwffl‚mhfflm
fflfflffimm
mmmwfflm.

1155115155 (Ρ ' 11511000. 11, 000.
ωωω,ω5π

1111551115. 1, 010.

nuscum, 11, 000, 000, 011.

nmmfflm

nwmmwmm

N

5511115, 115151.

5155515515), 1, 511.

5155511151155111.
affl& 11511555, 551, 551, 511, 5151115555,

§ms ww, 115, 515.

155551055551155), 1, 188, 00011, 000.

101001
46555115111, 13511, 151511, 555, 5151551511, 155,

11555 5115515. 1511511551.

51111111 51151.. 1, 555.

1151111115 1 christianus), 11, 160.

Nonius 1151550111, 1, 000, 081, 000,101,100,100, 101,
1111311111111011111·

555515 15555551, 11. 515. 555. 5511, 511, 515, 515.
1515, 05515,5551,6.11511,155ξ,5515, 555, 115, 151, 155.
&Q 155551, 11, 551, 155155, 151, 515, 515555,
19111151115. 55151151, 1, 111,151,115,155.11,155,

1155555155, 1, 000.

55511, a 5515555515, 11, 511515, 5115555151,
000000000000
mwmmmmmmmmmm
wmffimmm

Ο

5115111151, 155515.

0055555115, Vnde 1511115,

occo (5511551, 11. 511, 515,555,155,111,111,151.

oenum, 1, 1515, 1515.

10111511111111151111515,555515.

0111111011115151151111115,1, 190, 800, 800, 0111 , 008. 11, 010,
ες11111115111115154111571115155. 11, 111.

515515155555,1,151,155,1551.11,515,555,555
5111111115111155, 1, 551111, 111, 115, 1151511511,
mmmmmmfflfflfflfflMffi
100000010001
10011 11055155115555

1“1511111’11
211111511555155),1, 115,151,515.155,111,555,555,
551. 11 , 115, 515, 515. 551 55, 5515511, 555, 1555111.
ffimfflfflffimfflmmmw
7011535151ιὼ 155, 151, 155,155151,1111,155,511,155,

1111111111 111, 151. 515.
105000000011
mmmmmmwmmmmm
Qfflmmmmmmmmmm
&QQQQQQQQQQQ
555,115,551,115,115,151,115,511,515,551.555.555,
5551155551,5555115551,515,551,511.11,15,55,11,

 

