,

11111
AUCTORUM LIBRORUMQUE

QUAE ΙΝ OPERIBUS LACTANTH,

00000015000 11111111111011111,1111111111, 1111111111 00 1111111111.

11υῦ19168 0000000 111611,111111111 000000! 1000000.

...4—

Α, 7ῧ737771ᾞῗ11619361,111111111111111
,1111118111,11,71151. ⁸ · &111110111'11‘0000106001211d85-
11161118. 6191νὸἒό 11, 661, 666 11 passum 11111. mmm( ὲ, 16169951, m m
111111111990300’0, 6611111111 1111111, 1111·1111111,11,119, ,111111 , “ ,11, 011. ’ ’ '⁶
³⁰3 1111, 11,,111, 111. 1111151101 ,¹ 1100, 1111.
I{1111111'21111113111111115 111 111. 771717776761767179711 111 11111111 111
- 8. 11111116, 1111111116, 10', 669, 661. ’ ,11111611 1191111761, 686. 0801, 001,010‚ 6113181111,
- 1111·111,11111111711·11111,115111. 76616611 1ο5.
Ξ8. 1111111111 11111·1111111,11,1611. , , , Αρωὲηιῑέ, ’lmffl
- ἓῖ’ὲ6ἕ,ὲὲξ’,ἵ,ἑξῗξὶ1ῖῆξοξὲ69677’1777555· 16116111, 1111111111, 111111, 111,

wi-ffi. ξὸὲιιιὲιόὶξέ, 1111111111.,11111., 11, 010 , 519, 7119, ⁹⁰11011110112 1110, 161, 177, 181 ἣδήξ, 196, 11, 155,

1111111 1111111111 1 111, 11ιῖ .
- 811111 ,11111111 11 martyria. 11, 516 111, 186. 1111111111, 1, ²⁷11. ²112 510, 666 616, 001. 11, 1791119,
- 8111111111,1119.1111111., 11, 219, 17 .

531.
Ξ gesem ,11116811ἱῖιέ ἑ10,6(6974 f 1111111111, 1, 111 161, 000. 100, 116, 166166. 176177,

- 88. 71111117, Ρ1161 11 Andronici. 11, 166, 611, 616. m' m ⁵⁵²⁹ ³³1 ' ω’ ⁴9⁰* *Ἦ ¹ 6181111111,

— 88 . 711111161611111,1111111111,11,865. 1771ῖᾶ ἓξὲξ· &mr ²52· 1¹3» 4²01 m, 1111,
- 7111111111 1111111111, 11, 961. '1⁶¹¹’

- 8. 11111, mart, 111111111511, 563 77779 7113677119ῗὶ

1111111111,1,111,111.11,111,111,111,111, ,7671177711 11211'0, 111111 11, 11.

1111111111. ,111111111111111

Adrianus, 116176, 71976 w} ι7171016,
11, .

1611161161, 1, 961. 4
111111 11111111111111111111.
armum 111, 111
1111111111, 11 111.
1111111111 11, 11.
1111111111, 1, 161, 111.
Aristophanis scholiastes, 1, 996. 11, 198, 001.

11111111, 1, 111 111, 111111, 111111, 101, 111
111,111,111,111,611,111,111,111,111,111,111,111’,
mmmmmffiQmmmmm
mmmmmmmeme
111,111,111,111,111,111,111,1111111111 1111,
mmmmwmmmmfflst
11, 11, 11, 11,11,11,51,11,11,11,11,11, ,11, ,
ῗῗ,1ξ,711,,31, 111111, 111, 111, 111, 111, 111 ,

1111161111,1,126,163 111, 111 111, 111 1111
fflfflfflffifflffifflfflfflmffl
0002 {00000000000000000
mfflfflmfflfflffl. ffiffimfflffimffiffimffiwffl
111010003000100100100,1‚581‚5111.989,11118.11115. ‚ 111,111.111,111.111,911,111,111,1111111111,
1111111111, 0, 111111, 111111, 1111111111, 111,111,111,111,111,111111111111111111111,
11, 111, 11, 111, 111 111 111, 111, 1111111111, 111,111,111111,111, 111, 111, 111, 111 111, 111, 111,
11,111,111,111,111,611,111111,111,111,111, 111,111,111,111,111,111.111.111,1 .
111111, 111111, 11111111, 1111. 11, 11, 11, 111111, 11111111,1,111.111,111 111. 1111.
111 111111,111111111111111,111. 1111111111, 1118 111, 11111111, 02,
111111. 1111111111, 111,111,111,111,111,111. 111111111111111.

000AE1111¹⁸⁸11’5119010271102810111110ffl' Zffi'm'mw'
171‘1111111'111'110'1³0⁰10¹1 '500,000, 111, 111,
111111111 ⁹10 1111. 11, 111, 111, 111.
11,,,ἷ1111ἒ1ἐ1ᾖ11ἕ1-,11 1,111,11.1,111,111,111,111.
, {1213033W111f'1111111 111, 1111, 111
0 9, ,, ,.

11111‘0‘1· 11111: 1⁹1⁷, 111, 111, 111, 1111111119,
111111Q011 1100000100,1, 111, 1111111111, 111,
1161916611.

Almam, 1, 9771. ,

,1111111111 (1111111 01) ‚ 11, 198, 766, 11111, 11167,

11,111,111,111,111,111, 111, 191, 511, 111, 111 111,
010, 1111171, 000, 123, 115111, 118, 161, 161, 177,
Qfflfflffiffimfflfflmmwffi
111,11111111,111,111,911,’111,’ 111, 111, 111,
&10111111'01100 111.
Amos 1111111111, 1611, 911, 976.
1111111111, 7, 718. 11, 111. ·
Anastasius 616611111111111, 7, 978. 11, 171, 618.
11111111111,1, 168, 161, 161, 661,

Asclepium, 1, 300, m. 050. 939.
Asconius 11111, 1, 111111. 111. 1111111111,
Asterius 1111111111, 1, 166, 177. 11, 101, 163.
1111111161, 1. 169. 166,195.111,9.“12,181,615,138,
1619111 971111. 961, 1000. 11. 200 718,
1111111111,1,111,1111,116,161,111,111,116 616,
1111371111,111,111,111,111,111,111 111, 10, 111,
1111113111,1,111,111, 1111111.
1111111111111111111111 000 6111111111, 11, m.

 

