7777

7777777777. 4
77777777.77,·,777·.ΙΙ

ὅ87777 ‘Q ¹592. ιιι,74797ἐ1766ἵ7έ777 777, 776, 777, 777,

Ἢῗξῗιῗξί, 776. 77, 777.

G

mmm&
emitti Imm. , ,
7377777Ἢῖ 7777978577777377717777. 777, ’ 777,
ΜΜἭΜΜΜΜΜΜΜΛ7
777,767677, ,
6777777 (7777777777, 7, 7 5, et 7777777777 passm 777777.
777 ..ἲ ,75175 7757, 77,
ffiffissffifffl, 777. 77, 77, 77 ’77,
mmmmm.
fflffifflfflffiffifflfffflffmm
ffimfflfflfflmfflQfflffifflffl
mmmmeffimmfflmm
ffiffiffiffmmawmmmm
7. ³
gffofflsfff'ssssqffiss 777 7777776777 7777777777, 77,

6Ξ77777777777, 7777777777 889.
Π, . 777,7,767,777,777,777,777,767,777.

7777777757

ἑῗῖἷηω7777777777, 77, 767. , Ἡ
dffiwufflgum ,ἢ 77777777, 7, 77, «, 77779.
977777 7779767777 0777777777 a 7777777, 77, 577.
67777777 Ἥ 77 777.
murm, , ,777777 7677777. 77777.

6 wmffifflffifflfflumm

⁷⁹ ffssssss’ssssss’m‘ ‚ ,77,777,777,777,777,

7776777777 7777. 7777 77777777.
77777777 7, 7 , zm. 977, 596, 5779, 587, 758.
ggffltezdulshszsscgm gl.

77, 77 7777. 7777777 ’.75575777
Mra& 579, 557, 777, 8777. ·

fflgtmm, {L saro, 7777, 7777, 777, 77777, we, 959, 777, 775,
777757717ἶῖ7.

77777777, 7, 777, 777, 777,

Gregorius 777 Arimin. 1 919, 977. ,
767765566777
757 777 7777777776 7’ 777 7777777677 7777777
777, ⁹⁰, 777, 777, 7775377, 777 767, 777, 6777. 77, 77ζ
777, 77 777, 777, 776 7 ,777Ι 777 777. ,
166777777777777777,7,777,766, 7777777777, 7, 77,

mm gupa, 7 7, 77 567.

2777777767 77757777778777 777 677. 77 777 776
7777775776767,777,776,777,777,776,777,777,
7777777, 777, 777, 7777679776, 6776, 7777, 777, 777, 777.
77777757777,
777777657776
mgfflifflsszssffl, 2 2¹ 222222
77777777777777777 7..

ww& fflqffionffl 777, 777, 777, 777, 777, 777,

H

777777νί77777. vide 7777777777.

7777777777, 77, 795.

7777777777 (76777777), 77, 757, 777), 577, 577, 577, 579,
Quom Ι(9777777777), 77, m.
· flaynw. 7777777776.

ΠΜΛῌῌῌ) 5577,

Qu! 777 77777767 7767777777 6777777677.

7777
77 ,77,777,777,7777,777,777,777,777777
mh& (7777777777 7 77, 7777, 7777, 757· Μὰ no 777,

777776675777
,,,·, , , , , digmus&

‚77⁹ 77 passim 777777.

Heliodorus 1, 587.

nmmum.

7777677777,77,777,777,777.

Heraclida 7777777777 Ι, 777 isa· 680

77777777 (77777777, 7, 777, 777, 777, 777 777, 777,
777677777
777777εεὶ7,7777766,777,’777,’777,’767,’767;777,777,
’7777777777

7777777777, 7,757.

7777767777 parvam, 7, tm, 599. 77, 767.
7777777777757577777977557 ³⁹³* ⁴⁰⁹⁴
7777773777, 7, 777, 777, 777, 777· 776 777777, 77,
133, 3322, 33123743, 777, 777, 777, 777. 776. 77, 776, 777,
simod-mmm. 77777776, 77 777, 777, 777.
. 77777777, 7, 67777767. 767, 777, 777, 776, 777, 777,
777,777,777,.777,677.777.77,777

nemetum, 77, 7977, 799, 797, 795, 795, 579, 5577797.
777777777777 77, utromque 57777777,

777777777 ,7, 322. . ¹ .
77777777 777 7, 7, 777 777, m« 777 777, 777, 777.
555555555555
77777757ἶέ575 3⁸33;J’4}5³¹1⁶35¹3{35¹2133355
55555Ὓ755555
7777377· 776577777779777777,7755757777
mwmfflmmeQQmffi
Ἓξ, ff 777, 777, 777, 767, 777, 577, 77 ,67 7777, 777,
>, 6

’7777577777 0⁹1. ¹ ’ ’ -
gipqocraoei, 7’, 55. 77, 77, 75, 57, 775, 57, 775, 775.
7757777777577Ϊ77ΐ777.

ssffffl‘f‘mffl‘ssss‘s‘ssarssff ¹13 777777, 777.
7777777777· 777· 7777777777 ..7
775775775567
HAEQQQQ

7777775777 77775571·

77777777 7777777775, 77777, 777.ῃ ,ω ἵ,
W& 777777 775777 7577777577ῑῆ
6677 67, 776, 776, 777, 777, 777, 767 7777 .
777777677567
domiin· '’2361‘’ , 7777777 · ·
775777757777777777,

777777777777777, 77570, Ι

naeuus, 7, 777, 767, 776. 77, 767.
777777757777777. 44
77777977577737,·77ὺ7ὀ*7ἓ7,’777,*777;777.5· ’¹³¹⁰·
ffiisssssff'ssffl‘r‘ssimz)? 77, 677.
..7 7.·77Μ7777 W·
Hippolytus Martyr, ,7 ,moa

I

7777777 apostotus, 7, 777, 777, 777. 77, 767777.
7577776767. 7, 157, 575, 957.

7777777776, 7, 7777.

7777777767 7, 7777767777, 7777767776, 777,
67777777

Ieremias 717777 7ἆ,717776,ω77,α77153’777 ,
Qmwmffiwfflssmssmffi

 

